(87, 8)
(30, 0)
(442, 10)
(79, 0)
(70, 2)
(105, 2)
(199, 4)
(433, 2)
(81, 5)
(484, 3)
(33, 9)
(462, 9)
(218, 8)
(187, 9)
(385, 5)
(439, 2)
(262, 3)
(165, 0)
(10, 9)
(449, 4)
(82, 8)
(391, 6)
(100, 4)
(500, 2)
(316, 9)
(91, 3)
(290, 0)
(204, 2)
(482, 10)
(383, 9)
(492, 8)
(78, 4)
(244, 5)
(172, 4)
(67, 3)
(487, 1)
(235, 4)
(118, 8)
(428, 7)
(207, 7)
(334, 9)
(200, 0)
(466, 3)
(88, 1)
(297, 1)
(332, 1)
(270, 2)
(120, 3)
(451, 9)
(176, 0)
(32, 10)
(225, 10)
(296, 7)
(324, 10)
(392, 2)
(179, 0)
(152, 2)
(214, 10)
(465, 10)
(257, 6)
(122, 1)
(269, 2)
(167, 9)
(376, 5)
(13, 10)
(154, 6)
(475, 7)
(295, 2)
(496, 6)
(221, 4)
(28, 2)
(194, 1)
(365, 0)
(479, 5)
(339, 5)
(150, 1)
(280, 9)
(268, 0)
(21, 4)
(29, 10)
(137, 7)
(299, 1)
(90, 4)
(283, 8)
(125, 2)
(438, 9)
(380, 0)
(301, 2)
(474, 9)
(184, 8)
(341, 6)
(331, 0)
(49, 4)
(83, 3)
(31, 3)
(347, 8)
(226, 3)
(74, 5)
(143, 10)
(115, 5)
(349, 2)
(388, 7)
(375, 6)
(425, 1)
(413, 5)
(178, 4)
(20, 1)
(254, 3)
(353, 4)
(364, 0)
(206, 2)
(369, 1)
(279, 6)
(111, 8)
(80, 1)
(89, 0)
(103, 8)
(230, 2)
(250, 8)
(322, 9)
(102, 7)
(68, 0)
(310, 10)
(232, 2)
(318, 2)
(157, 6)
(348, 2)
(141, 5)
(112, 2)
(26, 5)
(159, 0)
(359, 7)
(205, 1)
(323, 8)
(263, 3)
(86, 4)
(146, 8)
(441, 9)
(311, 10)
(195, 9)
(84, 0)
(163, 0)
(92, 3)
(210, 3)
(138, 4)
(162, 5)
(266, 8)
(350, 2)
(11, 7)
(166, 9)
(127, 7)
(308, 8)
(237, 6)
(338, 10)
(429, 1)
(223, 6)
(351, 0)
(355, 8)
(108, 1)
(261, 6)
(286, 1)
(59, 5)
(23, 5)
(64, 9)
(34, 6)
(408, 3)
(44, 3)
(148, 3)
(307, 2)
(192, 10)
(196, 0)
(36, 3)
(398, 8)
(277, 4)
(183, 3)
(182, 10)
(131, 0)
(273, 4)
(62, 7)
(499, 0)
(264, 1)
(136, 7)
(402, 5)
(358, 6)
(362, 9)
(421, 0)
(164, 4)
(135, 0)
(12, 6)
(472, 1)
(53, 10)
(430, 2)
(445, 4)
(356, 10)
(142, 2)
(396, 5)
(345, 1)
(155, 5)
(234, 5)
(467, 2)
(289, 6)
(450, 0)
(480, 0)
(173, 1)
(461, 1)
(259, 4)
(129, 5)
(72, 3)
(42, 3)
(22, 7)
(497, 3)
(249, 7)
(368, 8)
(443, 0)
(40, 1)
(486, 2)
(93, 0)
(175, 3)
(387, 2)
(354, 7)
(236, 9)
(330, 0)
(384, 7)
(71, 7)
(265, 0)
(113, 6)
(213, 7)
(54, 1)
(107, 8)
(5, 1)
(2, 6)
(198, 4)
(394, 4)
(96, 2)
(401, 0)
(132, 0)
(336, 9)
(294, 8)
(488, 0)
(130, 5)
(326, 8)
(238, 10)
(431, 3)
(246, 8)
(240, 3)
(435, 5)
(352, 5)
(463, 2)
(211, 3)
(406, 5)
(48, 5)
(456, 4)
(19, 4)
(315, 5)
(55, 0)
(287, 7)
(216, 9)
(73, 3)
(6, 5)
(171, 1)
(168, 9)
(309, 2)
(325, 1)
(98, 3)
(158, 8)
(416, 10)
(243, 0)
(39, 6)
(440, 6)
(267, 4)
(337, 5)
(258, 1)
(25, 7)
(452, 7)
(314, 4)
(459, 9)
(101, 3)
(361, 4)
(382, 4)
(50, 2)
(170, 9)
(197, 5)
(471, 5)
(186, 6)
(104, 9)
(190, 9)
(329, 3)
(447, 4)
(224, 10)
(247, 10)
(366, 7)
(271, 7)
(415, 0)
(419, 6)
(302, 6)
(52, 6)
(444, 10)
(85, 2)
(220, 6)
(458, 2)
(274, 2)
(63, 7)
(58, 8)
(69, 1)
(228, 0)
(414, 3)
(454, 8)
(460, 10)
(319, 2)
(420, 1)
(346, 3)
(399, 0)
(448, 10)
(423, 4)
(147, 2)
(483, 7)
(284, 5)
(169, 1)
(43, 9)
(328, 8)
(222, 4)
(432, 1)
(437, 2)
(360, 1)
(217, 6)
(128, 10)
(208, 3)
(390, 5)
(75, 6)
(45, 9)
(189, 4)
(335, 4)
(342, 3)
(422, 0)
(340, 3)
(133, 8)
(255, 5)
(446, 9)
(367, 9)
(470, 10)
(386, 0)
(110, 0)
(41, 3)
(193, 1)
(14, 2)
(417, 4)
(65, 10)
(253, 0)
(227, 3)
(149, 9)
(177, 10)
(47, 9)
(124, 8)
(61, 2)
(306, 1)
(378, 7)
(144, 5)
(77, 6)
(312, 4)
(403, 8)
(457, 7)
(3, 0)
(281, 8)
(215, 9)
(231, 4)
(9, 2)
(116, 10)
(381, 1)
(357, 8)
(260, 2)
(56, 7)
(18, 9)
(161, 9)
(134, 6)
(252, 10)
(46, 4)
(191, 9)
(202, 1)
(24, 1)
(109, 9)
(288, 9)
(377, 6)
(37, 3)
(51, 7)
(278, 0)
(242, 7)
(272, 0)
(370, 1)
(139, 4)
(298, 5)
(371, 0)
(344, 5)
(469, 9)
(498, 9)
(185, 4)
(400, 8)
(94, 6)
(427, 0)
(363, 3)
(209, 0)
(397, 8)
(291, 0)
(393, 6)
(321, 6)
(304, 9)
(123, 8)
(473, 3)
(491, 10)
(395, 1)
(495, 10)
(372, 9)
(379, 0)
(468, 2)
(7, 1)
(140, 10)
(99, 6)
(95, 5)
(76, 3)
(174, 9)
(16, 10)
(434, 8)
(455, 5)
(121, 0)
(327, 7)
(153, 7)
(478, 1)
(160, 5)
(303, 7)
(106, 4)
(229, 10)
(320, 4)
(404, 6)
(17, 2)
(426, 3)
(245, 8)
(156, 7)
(4, 3)
(424, 6)
(407, 10)
(256, 9)
(490, 6)
(477, 5)
(275, 6)
(8, 10)
(405, 9)
(453, 0)
(282, 4)
(300, 5)
(374, 4)
(27, 7)
(117, 9)
(180, 9)
(436, 7)
(285, 1)
(333, 1)
(114, 10)
(151, 8)
(411, 9)
(97, 6)
(66, 4)
(293, 10)
(219, 9)
(1, 5)
(181, 7)
(239, 4)
(494, 1)
(464, 0)
(119, 2)
(15, 8)
(493, 9)
(313, 9)
(489, 5)
(241, 2)
(35, 8)
(292, 0)
(276, 8)
(343, 4)
(212, 1)
(60, 4)
(57, 8)
(418, 3)
(481, 3)
(410, 1)
(317, 4)
(203, 8)
(412, 1)
(409, 7)
(251, 4)
(389, 3)
(476, 3)
(373, 5)
(305, 9)
(126, 3)
(201, 5)
(188, 6)
(145, 7)
(233, 3)
(248, 7)
(485, 8)
(38, 0)
