(271, 10)
(166, 1)
(462, 7)
(95, 9)
(151, 10)
(467, 10)
(150, 10)
(337, 0)
(428, 3)
(293, 8)
(154, 2)
(457, 0)
(40, 3)
(1, 0)
(91, 5)
(139, 4)
(330, 6)
(473, 9)
(179, 3)
(350, 1)
(481, 0)
(304, 0)
(405, 0)
(249, 3)
(341, 6)
(165, 3)
(227, 5)
(18, 7)
(149, 8)
(140, 7)
(213, 0)
(325, 1)
(189, 4)
(451, 10)
(214, 8)
(317, 6)
(486, 4)
(334, 10)
(500, 4)
(22, 6)
(387, 7)
(187, 8)
(229, 8)
(379, 5)
(327, 1)
(253, 7)
(354, 1)
(365, 9)
(188, 7)
(54, 8)
(92, 4)
(14, 0)
(130, 10)
(257, 4)
(393, 7)
(48, 10)
(357, 6)
(468, 10)
(456, 1)
(449, 0)
(141, 7)
(494, 4)
(52, 2)
(208, 0)
(55, 6)
(12, 10)
(303, 0)
(238, 2)
(71, 2)
(2, 4)
(239, 10)
(51, 6)
(124, 10)
(420, 3)
(460, 4)
(349, 5)
(46, 4)
(328, 10)
(177, 10)
(232, 1)
(156, 8)
(252, 3)
(266, 4)
(263, 8)
(19, 8)
(453, 7)
(443, 9)
(23, 4)
(221, 1)
(259, 10)
(39, 8)
(194, 1)
(212, 5)
(129, 2)
(144, 5)
(230, 5)
(224, 9)
(344, 8)
(47, 9)
(26, 2)
(289, 8)
(491, 2)
(476, 4)
(431, 4)
(469, 9)
(99, 8)
(122, 7)
(90, 10)
(374, 3)
(223, 1)
(29, 10)
(145, 4)
(101, 10)
(205, 7)
(445, 9)
(242, 10)
(342, 9)
(185, 10)
(31, 8)
(50, 0)
(346, 8)
(123, 5)
(497, 10)
(488, 1)
(131, 0)
(306, 7)
(268, 7)
(107, 3)
(243, 10)
(173, 0)
(182, 2)
(440, 6)
(231, 6)
(429, 0)
(385, 6)
(202, 1)
(111, 10)
(201, 10)
(114, 8)
(103, 5)
(296, 10)
(196, 1)
(174, 7)
(160, 10)
(184, 2)
(198, 0)
(338, 7)
(70, 1)
(88, 9)
(4, 8)
(7, 10)
(190, 8)
(384, 2)
(362, 5)
(200, 9)
(490, 6)
(171, 2)
(260, 6)
(30, 3)
(217, 8)
(258, 9)
(422, 5)
(116, 10)
(331, 2)
(352, 4)
(471, 7)
(152, 0)
(343, 7)
(435, 7)
(290, 0)
(389, 6)
(172, 9)
(251, 0)
(210, 2)
(353, 2)
(416, 10)
(121, 5)
(226, 10)
(377, 9)
(411, 2)
(371, 8)
(438, 0)
(147, 2)
(134, 6)
(276, 7)
(96, 6)
(132, 4)
(287, 5)
(475, 5)
(86, 7)
(464, 2)
(336, 0)
(391, 7)
(355, 1)
(49, 0)
(82, 6)
(125, 5)
(441, 0)
(487, 0)
(17, 4)
(291, 0)
(370, 5)
(292, 9)
(250, 0)
(113, 10)
(66, 5)
(388, 8)
(169, 6)
(284, 7)
(437, 4)
(237, 2)
(112, 7)
(41, 2)
(319, 2)
(255, 0)
(433, 10)
(479, 1)
(59, 4)
(81, 10)
(310, 8)
(100, 4)
(483, 6)
(241, 5)
(280, 2)
(85, 3)
(361, 9)
(423, 4)
(83, 5)
(427, 1)
(351, 10)
(3, 5)
(158, 9)
(376, 3)
(216, 3)
(297, 8)
(399, 0)
(155, 7)
(348, 10)
(27, 10)
(465, 3)
(419, 6)
(75, 6)
(492, 2)
(64, 1)
(446, 4)
(56, 5)
(454, 10)
(373, 10)
(58, 0)
(77, 4)
(162, 5)
(285, 2)
(356, 3)
(76, 6)
(69, 4)
(33, 7)
(207, 0)
(417, 10)
(324, 10)
(244, 9)
(183, 10)
(45, 0)
(79, 6)
(206, 4)
(484, 7)
(87, 10)
(195, 3)
(275, 4)
(178, 2)
(21, 4)
(470, 1)
(474, 6)
(270, 5)
(415, 3)
(288, 4)
(218, 1)
(485, 2)
(395, 5)
(281, 9)
(406, 0)
(240, 6)
(106, 2)
(181, 3)
(383, 2)
(235, 1)
(386, 6)
(322, 6)
(262, 1)
(452, 4)
(329, 4)
(25, 7)
(363, 6)
(364, 5)
(318, 7)
(369, 7)
(44, 10)
(186, 8)
(94, 5)
(8, 2)
(375, 8)
(199, 4)
(225, 6)
(472, 3)
(236, 2)
(120, 7)
(6, 2)
(496, 5)
(84, 3)
(323, 8)
(434, 4)
(273, 3)
(316, 5)
(394, 7)
(463, 4)
(119, 6)
(401, 0)
(211, 9)
(403, 10)
(392, 3)
(294, 9)
(126, 6)
(382, 9)
(61, 10)
(489, 1)
(233, 8)
(265, 2)
(161, 5)
(148, 10)
(407, 8)
(38, 5)
(192, 9)
(455, 10)
(5, 8)
(246, 2)
(339, 0)
(312, 5)
(128, 2)
(413, 6)
(222, 9)
(320, 5)
(300, 6)
(60, 4)
(98, 9)
(425, 9)
(170, 10)
(298, 6)
(157, 8)
(432, 6)
(53, 10)
(43, 10)
(104, 10)
(400, 6)
(450, 10)
(307, 4)
(482, 3)
(368, 7)
(63, 2)
(398, 4)
(345, 5)
(299, 6)
(78, 4)
(448, 0)
(167, 7)
(267, 10)
(282, 2)
(209, 6)
(302, 1)
(254, 5)
(442, 4)
(37, 4)
(430, 2)
(279, 10)
(36, 5)
(461, 3)
(35, 4)
(424, 5)
(117, 9)
(215, 6)
(347, 2)
(278, 10)
(163, 1)
(459, 9)
(477, 6)
(220, 10)
(15, 2)
(409, 5)
(143, 10)
(204, 10)
(228, 10)
(439, 3)
(133, 9)
(261, 4)
(264, 9)
(311, 5)
(359, 4)
(164, 0)
(247, 5)
(372, 9)
(105, 8)
(9, 0)
(67, 1)
(203, 8)
(404, 10)
(309, 6)
(447, 3)
(97, 1)
(34, 10)
(283, 4)
(426, 1)
(380, 5)
(274, 0)
(109, 6)
(458, 3)
(335, 9)
(397, 10)
(10, 5)
(272, 5)
(118, 1)
(326, 1)
(102, 6)
(245, 0)
(277, 9)
(256, 4)
(68, 1)
(301, 4)
(321, 9)
(498, 10)
(180, 2)
(74, 8)
(11, 7)
(234, 0)
(421, 5)
(175, 5)
(408, 1)
(269, 5)
(444, 3)
(13, 9)
(314, 6)
(493, 8)
(499, 4)
(402, 6)
(366, 4)
(308, 6)
(142, 5)
(168, 2)
(138, 8)
(115, 1)
(191, 3)
(32, 7)
(135, 7)
(286, 10)
(80, 4)
(89, 6)
(396, 2)
(127, 3)
(295, 1)
(153, 9)
(381, 7)
(42, 0)
(340, 5)
(28, 10)
(73, 6)
(358, 2)
(62, 9)
(16, 7)
(193, 2)
(436, 10)
(146, 4)
(378, 6)
(412, 3)
(93, 4)
(466, 5)
(219, 4)
(414, 0)
(305, 0)
(480, 1)
(418, 2)
(57, 9)
(478, 1)
(136, 4)
(495, 3)
(248, 10)
(137, 8)
(176, 3)
(197, 8)
(24, 6)
(20, 6)
(367, 2)
(410, 3)
(333, 7)
(159, 0)
(72, 1)
(360, 4)
(315, 0)
(110, 8)
(65, 2)
(108, 6)
(332, 0)
(390, 6)
(313, 9)
