(25, 10)
(65, 9)
(119, 2)
(93, 8)
(294, 8)
(262, 3)
(42, 0)
(12, 5)
(15, 6)
(373, 5)
(478, 6)
(485, 6)
(11, 1)
(102, 2)
(383, 0)
(20, 4)
(45, 5)
(282, 6)
(10, 5)
(201, 10)
(498, 5)
(272, 1)
(217, 4)
(71, 7)
(481, 6)
(142, 2)
(206, 6)
(23, 10)
(170, 2)
(439, 0)
(7, 10)
(422, 1)
(442, 8)
(466, 6)
(85, 9)
(302, 3)
(129, 4)
(350, 0)
(104, 1)
(489, 2)
(236, 0)
(429, 0)
(22, 0)
(143, 8)
(134, 4)
(19, 7)
(345, 10)
(371, 4)
(253, 7)
(116, 7)
(258, 2)
(285, 4)
(315, 2)
(132, 2)
(176, 3)
(474, 5)
(362, 2)
(157, 0)
(127, 7)
(117, 4)
(238, 6)
(41, 0)
(265, 8)
(291, 3)
(469, 5)
(237, 9)
(145, 9)
(234, 6)
(31, 10)
(349, 9)
(154, 5)
(409, 4)
(184, 0)
(131, 3)
(437, 4)
(449, 7)
(293, 3)
(161, 2)
(60, 0)
(321, 8)
(150, 2)
(130, 5)
(29, 7)
(421, 4)
(336, 10)
(447, 6)
(211, 9)
(334, 10)
(229, 6)
(384, 7)
(266, 2)
(165, 5)
(398, 9)
(180, 8)
(57, 9)
(412, 1)
(17, 3)
(438, 0)
(168, 1)
(434, 3)
(95, 3)
(5, 2)
(346, 8)
(367, 10)
(355, 1)
(275, 9)
(40, 5)
(255, 6)
(288, 4)
(284, 3)
(112, 6)
(444, 5)
(301, 2)
(126, 1)
(415, 9)
(465, 7)
(158, 4)
(496, 9)
(470, 6)
(497, 3)
(480, 6)
(267, 2)
(364, 9)
(358, 10)
(328, 8)
(450, 6)
(138, 2)
(351, 2)
(186, 9)
(273, 7)
(200, 8)
(427, 6)
(107, 2)
(252, 5)
(305, 2)
(243, 2)
(303, 2)
(380, 1)
(196, 3)
(356, 8)
(430, 8)
(259, 0)
(460, 2)
(365, 7)
(189, 9)
(264, 10)
(407, 6)
(338, 3)
(108, 6)
(366, 3)
(192, 1)
(441, 3)
(167, 10)
(122, 8)
(14, 5)
(207, 4)
(106, 6)
(223, 2)
(111, 7)
(155, 4)
(268, 7)
(205, 2)
(242, 0)
(457, 5)
(215, 0)
(477, 10)
(377, 10)
(493, 2)
(490, 6)
(77, 3)
(53, 10)
(9, 10)
(320, 1)
(79, 4)
(39, 0)
(43, 1)
(406, 10)
(500, 9)
(203, 5)
(452, 3)
(61, 10)
(16, 8)
(94, 5)
(483, 4)
(393, 2)
(410, 3)
(225, 9)
(400, 4)
(323, 7)
(343, 5)
(191, 6)
(216, 3)
(226, 3)
(174, 10)
(33, 4)
(210, 4)
(428, 5)
(151, 1)
(248, 7)
(49, 3)
(124, 0)
(432, 0)
(241, 2)
(250, 8)
(348, 4)
(152, 0)
(397, 0)
(193, 8)
(163, 4)
(221, 4)
(73, 10)
(463, 9)
(36, 0)
(156, 8)
(84, 2)
(251, 9)
(462, 7)
(445, 9)
(66, 10)
(381, 5)
(413, 6)
(329, 0)
(86, 2)
(385, 2)
(370, 3)
(48, 1)
(340, 0)
(394, 2)
(491, 6)
(455, 10)
(146, 3)
(214, 0)
(195, 4)
(64, 4)
(232, 1)
(164, 3)
(245, 6)
(304, 2)
(344, 2)
(6, 2)
(495, 7)
(374, 8)
(330, 7)
(213, 0)
(389, 2)
(121, 4)
(34, 5)
(235, 9)
(231, 10)
(75, 9)
(72, 7)
(135, 0)
(331, 3)
(96, 5)
(473, 7)
(13, 9)
(4, 5)
(183, 7)
(479, 1)
(175, 3)
(218, 10)
(271, 3)
(378, 1)
(103, 0)
(159, 2)
(83, 3)
(260, 9)
(261, 5)
(499, 4)
(390, 5)
(375, 2)
(37, 2)
(90, 0)
(188, 2)
(286, 1)
(219, 6)
(27, 6)
(179, 3)
(283, 4)
(177, 9)
(354, 1)
(109, 6)
(488, 9)
(333, 6)
(403, 6)
(249, 8)
(472, 9)
(67, 8)
(326, 5)
(392, 5)
(246, 4)
(317, 6)
(416, 2)
(198, 6)
(233, 6)
(339, 4)
(208, 1)
(24, 4)
(32, 10)
(281, 10)
(433, 0)
(484, 7)
(56, 5)
(386, 10)
(92, 6)
(332, 3)
(137, 2)
(295, 5)
(402, 10)
(298, 8)
(87, 6)
(475, 6)
(482, 3)
(411, 8)
(300, 4)
(230, 6)
(2, 0)
(178, 7)
(418, 7)
(123, 1)
(128, 1)
(81, 10)
(289, 4)
(278, 10)
(153, 0)
(263, 2)
(361, 0)
(220, 7)
(149, 2)
(18, 7)
(372, 2)
(324, 0)
(202, 9)
(51, 3)
(405, 9)
(308, 9)
(3, 2)
(181, 9)
(8, 6)
(310, 10)
(419, 9)
(341, 9)
(360, 3)
(105, 8)
(424, 9)
(63, 0)
(82, 7)
(431, 2)
(115, 10)
(487, 3)
(59, 3)
(212, 6)
(199, 8)
(486, 8)
(408, 2)
(456, 3)
(76, 4)
(227, 9)
(55, 1)
(312, 1)
(325, 3)
(228, 6)
(100, 0)
(468, 2)
(454, 6)
(139, 9)
(296, 4)
(401, 6)
(140, 3)
(494, 0)
(399, 6)
(58, 8)
(99, 3)
(52, 5)
(70, 3)
(464, 8)
(54, 5)
(162, 3)
(347, 4)
(182, 0)
(133, 10)
(425, 1)
(78, 9)
(297, 8)
(166, 8)
(171, 5)
(435, 2)
(118, 0)
(160, 9)
(147, 1)
(396, 10)
(395, 6)
(376, 5)
(311, 8)
(169, 8)
(28, 1)
(448, 4)
(276, 0)
(426, 7)
(222, 2)
(459, 6)
(318, 5)
(144, 4)
(313, 2)
(363, 10)
(26, 3)
(110, 3)
(352, 4)
(436, 4)
(423, 6)
(209, 8)
(257, 3)
(353, 1)
(136, 2)
(368, 4)
(120, 10)
(148, 9)
(74, 7)
(404, 0)
(239, 7)
(38, 6)
(91, 4)
(190, 8)
(88, 0)
(451, 10)
(204, 0)
(277, 6)
(197, 9)
(306, 7)
(357, 10)
(327, 3)
(279, 1)
(141, 3)
(1, 2)
(299, 4)
(98, 6)
(269, 0)
(173, 10)
(68, 7)
(453, 4)
(240, 2)
(30, 3)
(89, 7)
(287, 1)
(322, 0)
(369, 3)
(342, 8)
(461, 0)
(319, 5)
(420, 4)
(309, 5)
(244, 10)
(290, 8)
(414, 5)
(280, 5)
(388, 5)
(46, 5)
(316, 8)
(387, 4)
(101, 0)
(379, 5)
(467, 3)
(62, 9)
(471, 6)
(113, 0)
(35, 4)
(194, 10)
(50, 1)
(492, 2)
(443, 6)
(307, 2)
(382, 3)
(247, 2)
(440, 5)
(446, 9)
(337, 10)
(44, 6)
(185, 6)
(21, 5)
(47, 10)
(292, 7)
(172, 10)
(114, 9)
(417, 10)
(476, 10)
(314, 1)
(97, 0)
(335, 5)
(391, 3)
(256, 6)
(458, 7)
(69, 10)
(270, 0)
(359, 10)
(187, 4)
(254, 7)
(80, 3)
(274, 4)
(125, 0)
(224, 1)
