(441, 5)
(211, 6)
(165, 3)
(264, 6)
(265, 1)
(446, 7)
(178, 9)
(439, 10)
(175, 3)
(164, 7)
(158, 9)
(357, 6)
(2, 1)
(360, 2)
(414, 7)
(20, 0)
(23, 3)
(402, 6)
(345, 4)
(43, 5)
(381, 3)
(456, 10)
(353, 7)
(451, 0)
(17, 9)
(431, 0)
(364, 0)
(283, 5)
(417, 5)
(223, 8)
(16, 8)
(276, 3)
(106, 5)
(429, 1)
(1, 1)
(480, 4)
(335, 2)
(392, 9)
(208, 10)
(395, 9)
(366, 3)
(6, 0)
(463, 1)
(322, 10)
(282, 8)
(41, 8)
(138, 6)
(150, 5)
(192, 9)
(271, 10)
(98, 6)
(390, 8)
(22, 1)
(37, 9)
(432, 4)
(40, 5)
(460, 6)
(478, 8)
(259, 3)
(340, 3)
(229, 3)
(306, 6)
(126, 10)
(332, 0)
(202, 7)
(74, 1)
(196, 2)
(63, 2)
(21, 2)
(33, 0)
(279, 1)
(382, 8)
(287, 8)
(159, 7)
(482, 1)
(51, 0)
(209, 10)
(219, 2)
(383, 7)
(31, 4)
(419, 8)
(285, 3)
(62, 4)
(222, 9)
(82, 3)
(163, 3)
(362, 6)
(487, 7)
(48, 7)
(174, 10)
(168, 2)
(206, 9)
(388, 10)
(136, 3)
(129, 10)
(241, 7)
(232, 5)
(318, 8)
(468, 1)
(328, 3)
(334, 7)
(371, 7)
(76, 8)
(327, 2)
(216, 6)
(445, 2)
(103, 3)
(408, 8)
(373, 7)
(471, 6)
(344, 3)
(311, 2)
(3, 6)
(465, 9)
(341, 4)
(246, 8)
(60, 1)
(467, 9)
(396, 1)
(436, 8)
(333, 1)
(454, 6)
(119, 0)
(160, 10)
(448, 2)
(133, 2)
(26, 1)
(267, 2)
(361, 3)
(280, 5)
(447, 5)
(258, 3)
(242, 3)
(132, 9)
(187, 4)
(365, 1)
(406, 10)
(188, 1)
(177, 2)
(90, 9)
(195, 3)
(205, 8)
(125, 2)
(88, 10)
(112, 4)
(207, 0)
(123, 6)
(410, 8)
(32, 1)
(370, 0)
(161, 10)
(78, 5)
(292, 0)
(461, 0)
(499, 7)
(272, 10)
(387, 9)
(42, 6)
(391, 4)
(301, 5)
(55, 4)
(444, 2)
(19, 6)
(278, 6)
(321, 1)
(491, 3)
(156, 1)
(316, 4)
(355, 7)
(130, 3)
(248, 6)
(186, 6)
(34, 4)
(149, 10)
(426, 4)
(155, 7)
(101, 5)
(15, 7)
(193, 9)
(215, 4)
(54, 6)
(481, 0)
(421, 7)
(172, 3)
(494, 1)
(284, 7)
(308, 6)
(66, 8)
(167, 2)
(184, 1)
(397, 1)
(367, 3)
(266, 1)
(449, 6)
(472, 7)
(8, 6)
(104, 1)
(49, 9)
(268, 10)
(384, 7)
(331, 10)
(338, 5)
(413, 0)
(453, 5)
(250, 2)
(347, 7)
(394, 9)
(398, 0)
(474, 7)
(416, 9)
(358, 5)
(484, 5)
(315, 4)
(369, 5)
(45, 8)
(233, 10)
(356, 8)
(379, 4)
(389, 1)
(420, 8)
(310, 7)
(147, 0)
(53, 6)
(124, 10)
(24, 5)
(495, 7)
(5, 2)
(400, 9)
(249, 4)
(36, 9)
(475, 3)
(363, 6)
(152, 9)
(64, 1)
(173, 1)
(142, 8)
(296, 4)
(376, 8)
(190, 6)
(464, 3)
(75, 2)
(9, 5)
(204, 3)
(85, 10)
(39, 9)
(458, 5)
(411, 8)
(134, 5)
(59, 10)
(13, 3)
(372, 10)
(281, 10)
(273, 7)
(235, 4)
(407, 10)
(352, 4)
(442, 6)
(404, 1)
(247, 9)
(170, 9)
(488, 8)
(220, 1)
(96, 5)
(286, 10)
(111, 4)
(303, 1)
(385, 10)
(452, 8)
(194, 10)
(61, 0)
(113, 1)
(254, 5)
(127, 0)
(240, 4)
(302, 6)
(251, 9)
(84, 9)
(217, 7)
(252, 1)
(171, 4)
(307, 6)
(489, 5)
(255, 6)
(324, 10)
(227, 4)
(97, 9)
(275, 8)
(469, 9)
(375, 0)
(86, 3)
(151, 1)
(427, 6)
(237, 0)
(38, 10)
(346, 10)
(498, 8)
(295, 0)
(200, 6)
(179, 1)
(80, 7)
(378, 8)
(274, 9)
(226, 10)
(261, 9)
(81, 3)
(46, 3)
(117, 0)
(457, 9)
(253, 0)
(239, 5)
(433, 3)
(401, 5)
(47, 5)
(89, 5)
(11, 1)
(234, 10)
(118, 8)
(236, 10)
(245, 8)
(70, 0)
(4, 4)
(176, 8)
(290, 4)
(153, 2)
(212, 1)
(199, 9)
(224, 10)
(108, 10)
(263, 6)
(325, 2)
(244, 8)
(213, 3)
(470, 10)
(492, 6)
(443, 10)
(500, 5)
(92, 1)
(314, 2)
(300, 7)
(146, 8)
(425, 8)
(326, 10)
(180, 7)
(277, 3)
(99, 6)
(450, 8)
(139, 9)
(438, 9)
(68, 1)
(93, 8)
(189, 7)
(30, 5)
(110, 7)
(109, 1)
(95, 3)
(94, 10)
(157, 6)
(25, 0)
(79, 10)
(262, 4)
(69, 1)
(380, 2)
(135, 1)
(293, 6)
(107, 0)
(121, 1)
(144, 4)
(28, 6)
(100, 1)
(218, 6)
(473, 4)
(140, 6)
(483, 7)
(393, 3)
(493, 7)
(377, 5)
(485, 1)
(65, 6)
(423, 10)
(197, 6)
(330, 6)
(114, 0)
(73, 6)
(256, 0)
(12, 7)
(230, 1)
(102, 9)
(83, 9)
(349, 0)
(440, 10)
(225, 4)
(486, 10)
(368, 8)
(203, 5)
(418, 10)
(105, 5)
(304, 4)
(354, 3)
(169, 8)
(466, 1)
(459, 7)
(386, 9)
(298, 8)
(120, 6)
(412, 3)
(424, 0)
(399, 5)
(87, 0)
(336, 8)
(288, 3)
(50, 1)
(351, 1)
(294, 1)
(57, 10)
(403, 5)
(198, 0)
(7, 5)
(191, 10)
(337, 9)
(221, 8)
(128, 7)
(329, 7)
(131, 1)
(270, 4)
(210, 6)
(141, 7)
(348, 3)
(52, 7)
(67, 1)
(166, 7)
(490, 7)
(496, 8)
(72, 4)
(185, 10)
(56, 7)
(58, 8)
(214, 1)
(477, 5)
(339, 8)
(342, 0)
(71, 3)
(297, 6)
(116, 2)
(35, 3)
(10, 4)
(137, 10)
(243, 0)
(77, 3)
(319, 5)
(228, 0)
(434, 8)
(479, 0)
(422, 4)
(309, 6)
(182, 9)
(323, 3)
(299, 2)
(313, 0)
(462, 6)
(435, 7)
(181, 9)
(289, 2)
(148, 4)
(122, 0)
(91, 10)
(260, 9)
(14, 10)
(343, 5)
(409, 3)
(317, 6)
(115, 2)
(18, 10)
(350, 8)
(455, 3)
(269, 2)
(428, 5)
(201, 2)
(320, 7)
(231, 3)
(305, 6)
(430, 9)
(405, 2)
(374, 10)
(497, 6)
(291, 0)
(312, 8)
(476, 6)
(437, 1)
(29, 7)
(154, 8)
(238, 5)
(145, 0)
(183, 8)
(257, 4)
(44, 0)
(415, 7)
(162, 8)
(143, 4)
(359, 1)
(27, 6)
